sess	T	C	R	O	M
1					
1					
1					
1				1.192	
1					
1					
1					
1	3.595				
1					
1					
1					
1					
1					
1					
1	7.798				
1					
1					
1					
1	10.201				
1					
1					
1					
1					
1					
1					
1					
1					
1					
1					
1					
1					
1					
1					
1					
1					
1				20.394	
1					
1					
1	22.195				
1					
1					
1					
1	24.597				
1					
1					
1					
1	27				
1					
1					
1					
1					
1					
1					
1					
1					
1					
1	32.989				
1					
1					
1	34.79				
1					
1					
1					
1					
1					
1	38.394				
1					
1					
1	40.195				
1					
1					
1					
1					
1	43.198				
1					
1					
1					
1					
1					
1	46.801				
1					
1					
1					
1					
1					
1	50.405				
1					
1					
1	52.19				
1					
1					
1					
1					
1					
1	55.793				
1					
1					
1					
1					
1					
1					
1					
1					
1					
1					
1					
1	63				
1					
1					
1					
1					
1					
1					
1					
1					
1					
1					
1	69.589				
1					
1					
1					
1	71.992				
1					
1					
1	73.793				
1					
1					
1					
1					
1					
1					
1					
1					
1					
1					
1					
1	81				
1					
1					
1	82.802				
1					
1					
1					
1	85.204				
1					
1					
1	86.989				
1					
1					
1					
1					
1					
1					
1					
1					
1	92.394				
1					
1					
1					
1					
1					
1					
1					
1					
1					
1					
1					
1					
2					
2					
2					
2					
2	1.792				
2					
2					
2					
2					
2					
2	5.396				
2					
2					
2					
2					
2					
2					
2			9.6		
2					
2					
2					
2					
2	12.602				
2					
2					
2					
2	15.005				
2					
2					
2	16.79				
2					
2					
2					
2					
2					
2					
2					
2					
2					
2			22.795		
2					
2					
2					
2					
2					
2					
2					
2					
2					
2					
2					
2					
2					
2					
2					
2	32.404				
2					
2					
2					
2	34.79				
2					
2					
2					
2					
2					
2					
2					
2					
2					
2					
2					
2		41.997			
2					
2					
2					
2					
2					
2					
2					
2					
2					
2					
2	48.603				
2					
2					
2	50.404				
2					
2					
2					
2	52.79				
2					
2					
2					
2		55.192			
2					
2					
2					
2					
2				58.195	
2					
2					
2	59.997				
2					
2					
2					
2	62.399				
2					
2					
2					
2	64.801				
2					
2					
2					
2	67.203				
2					
2					
2					
2					
2		70.189			
2					
2					
2					
2	72.592				
2					
2					
2					
2					
2					
2					
2			76.796		
2					
2					
2					
2				79.198	
2					
2					
2					
2				81.6	
2					
2					
2	83.402				
2					
2					
2	85.203				
2					
2					
2					
2					
2					
2					
2					
2				89.991	
2					
2					
2					
2					
2					
2					
2					
2					
2					
2					
2					
2					
2					
2					
2					
2					99.6
2					
2					
2					
2	102.002				
2					
2					
2					
2				104.405	
2					
2					
2					
2					106.79
2					
2					
2					
2					
2					
2					
2					
2					
2					
2				112.796	
2					
2					
2					
2	115.198				
2					
2					
2					
2					
2	118.201				
2					
2					
2			120.002		
2					
2					
2					
2					
2					
2					
2					
2					
2					
2					
2	126.592				
2					
2					
2					
2					
2	129.595				
2					
2					
2					
2			131.997		
2					
2					
2					
2					
2					
2	135.6				
2					
2					
2					
2					
2					
2					
2					
2					
2					
2					
2					
2				142.79	
2					
2					
2					
2					
2					
2					
2					
2					
2					
2					148.796
2					
2					
2					
2					
2					
2					
2					
2					
2					
2					
2					
2					
2	156.603				
2					
2					
2	158.405				
2					
2					
2					
2					
2			161.391		
2					
2					
2	163.193				
2					
2					
2					
2					
3					
3					
3				3.811	
3					
3					
3					
3					
3					
3				7.414	
3					
3					
3					
3					
3					
3					
3			11.618		
3					
3					
3					
3					
3					
3				14.721	
3					
3					
3					
3	17.123				
3					
3					
3				18.908	
3					
3					
3					
3					
3					
3					
3					
3					
3					
3			24.914		
3					
3					
3					
3					
3					
3					
3					
3					
3				29.818	
3					
3					
3					
3					
3					
3					
3					
3					
3					
3					
3					
3					
3			37.609		
3					
3					
3					
3					
3					
3					
3					
3					
3					
3					
3	43.715				
3					
3					
3	45.516				
3					
3					
3					
3	47.918				
3					
3					
3					
3					
3		50.921			
3					
3					
3					
3					
3				53.407	
3					
3					
3				55.209	
3					
3					
3					
3	57.611				
3					
3					
3	59.413				
3					
3					
3					
3				61.815	
3					
3					
3					
3					
3			64.818		
3					
3					
3					
3					
3					
3				67.92	
3					
3					
3					
3					
3					
3					
3			72.108		
3					
3					
3					
3				74.009	
3					
3					
3					
3	76.412				
3					
3					
3	78.213				
3					
3					
3					
3					
3					
3					
3					
3					
3					
3					
3					
3					
3					
3					
3					
3					
3			88.423		
3					
3					
3					
3	90.308				
3					
3					
3					
3				92.71	
3					
3					
3					
3			95.112		
3					
3					
3					
3					
3					
3					
3					
3					
3					
3					
3				101.218	
3					
3					
3				103.02	
3					
3					
3					
3					
3					
3	106.623				
3					
3					
3			108.408		
3					
3					
3					
3					
3					
3					
3					
3					
3					
3					
3					
3				115.114	
3					
3					
3					
3					
3	118.117				
3					
3					
3					
3			120.519		
3					
3					
3					
3					
3					
3					
3	124.223				
3					
3					
3					
3					
3					
3					
3					
3					
3					
3			130.212		
3					
3					
3					
3					
3					
3					
3					
3					
3					
3			135.717		
3					
3					
3					
3				137.619	
3					
3					
3					
3					
4					
4					
4					
4	1.207				
4					
4					
4					
4					
4					
4					
4					
4					
4					
4	7.213				
4					
4					
4					
4	9.615				
4					
4					
4					
4	12.017				
4					
4					
4					
4	14.42				
4					
4					
4					
4	16.805				
4					
4					
4					
4					
4					
4					
4					
4	21.61				
4					
4					
4					
4					
4					
4					
4					
4					
4	27.015				
4					
4					
4					
4					
4					
4	30.618				
4					
4					
4					
4	33.004				
4					
4					
4					
4					
4	36.006				
4					
4					
4					
4					
4					
4	39.61				
4					
4					
4					
4	42.012				
4					
4					
4	43.814				
4					
4					
4					
4					
4	46.817				
4					
4					
4					
4					
4					
4					
4					
4					
4					
4					
4	53.406				
4					
4					
4					
4	55.808				
4					
4					
4					
4					
4					
4					
4					
4					
4					
4					
4					
4					
4					
4					
4	64.817				
4					
4					
4					
4					
4	67.819				
4					
4					
4					
4	70.205				
4					
4					
4					
4					
4					
4	73.808				
4					
4					
4					
4					
4					
4					
4					
4					
4					
4					
4					
4	81.015				
4					
4					
4	82.817				
4					
4					
4					
4	85.219				
4					
4					
4	87.004				
4					
4					
4					
4					
4					
4					
4					
4					
4				92.409	
4					
4					
4					
4					
4					
4					
4					
4					
4					
4					
4					
4					
4					
5					
5					
5					
5					
5					
5					
5	3.01				
5					
5					
5					
5					
5					
5					
5					
5					
5					
5					
5					
5	10.217				
5					
5					
5			12.018		
5					
5					
5					
5					
5			15.021		
5					
5					
5	16.806				
5					
5					
5					
5					
5					
5					
5					
5					
5					
5	22.812				
5					
5					
5					
5					
5					
5					
5					
5					
5					
5					
5					
5					
5	30.619				
5					
5					
5					
5	33.021				
5					
5					
5	34.806				
5					
5					
5					
5					
5					
5					
5					
5					
5					
5					
5					
5			42.013		
5					
5					
5					
5					
5					
5					
5	46.217				
5					
5					
5					
5		48.619			
5					
5					
5					
5	51.005				
5					
5					
5					
5	53.407				
5					
5					
5					
5					
5		56.41			
5					
5					
5				58.211	
5					
5					
5				60.013	
5					
5					
5					
5	62.415				
5					
5					
5					
5		64.817			
5					
5					
5					
5					
5					
5	68.421				
5					
5					
5					
5					
5					
5					
5	72.608				
5					
5					
5	74.41				
5					
5					
5					
5			76.812		
5					
5					
5					
5					
5					
5	80.415				
5					
5					
5					
5					
5					
5					
5	84.619				
5					
5					
5					
5					
5					
5					
5					
5					
5					
5					
5					
5					
5			92.41		
5					
5					
5					
5	94.812				
5					
5					
5					
5					
5					
5					
5					
5					
5					
5	100.818				
5					
5					
5	102.619				
5					
5					
5					
5					
5					
5			106.206		
5					
5					
5	108.008				
5					
5					
5					
5					
5					
5					
5					
5					
5					
5				114.013	
5					
5					
5					
5					
5					
5					
5					
5					
5					
5					
5					120.619
5					
5					
5					
5	123.005				
5					
5					
5					
5					
5	126.008				
5					
5					
5					
5					
5					
5					
5					
5					
5					
5					
5			132.614		
5					
5					
5					
5	135.016				
5					
5					
5	136.818				
5					
5					
5					
5					
5					
5					
5					
5					
5					
5					
5					
5				144.008	
5					
5					
5					
5	146.41				
5					
5					
5					
5					
5					
5		150.013			
5					
5					
5					
5					
5					
5					
5					
5					
5				155.418	
5					
5					
5				157.22	
5					
5					
5					
5					
5					
5					160.807
5					
5					
5				162.609	
5					
5					
5					
5					
6					
6					
6					
6					
6				3.811	
6					
6					
6					
6				6.213	
6					
6					
6					
6					
6			9.216		
6					
6					
6					
6	11.168				
6					
6					
6				12.969	
6					
6					
6					
6				15.372	
6					
6					
6					
6		17.757			
6					
6					
6					
6					
6					
6					
6				21.461	
6					
6			22.662		
6					
6					
6					
6					
6					
6					
6				26.365	
6					
6					
6					
6					
6					
6					
6				30.569	
6					
6					
6					
6					
6					
6					
6					
6					
6					
6					
6					
6					
6		38.36			
6					
6					
6					
6					
6				40.862	
6					
6					
6					
6					
6					
6					
6					
6					
6					
6				46.868	
6					
6					
6	48.669				
6					
6					
6					
6					
6					
6			52.273		
6					
6					
6					
6	54.158				
6					
6					
6					
6					
6					
6				57.761	
6					
6					
6					
6					
6					
6					
6					
6					
6					
6					
6					
6	64.968				
6					
6					
6	66.769				
6					
6					
6					
6					
6		69.772			
6					
6					
6					
6	71.657				
6					
6					
6					
6					
6					
6					
6					
6					
6					
6				77.663	
6					
6					
6	79.465				
6					
6					
6					
6			81.867		
6					
6					
6					
6					
6					
6					
6					
6					
6					
6					
6					
6	88.573				
6					
6					
6					
6					
6					
6					
6					
6					
6					
6			94.562		
6					
6					
6					
6					
6					
6					
6				98.265	
6					
6					
6					
6	100.668				
6					
6					
6	102.469				
6					
6					
6					
6					
6					
6					
6					
6					
6					
6					
6					
6			109.659		
6					
6					
6					
6				111.561	
6					
6					
6					
6					
6				114.564	
6					
6					
6					
6					
6					
6					
6					
6					
6					
6					
6		121.17			
6					
6					
6					
6					
6				123.672	
6					
6					
6	125.457				
6					
6					
6					
6					
6	128.46				
6					
6					
6			130.262		
6					
6					
6					
6					
6					
6					
6					
6					
6		135.166			
6					
6					
6					
6				137.068	
6					
6					
6					
6					
